   0/272   2345/2345      5.01      1.51      35.8        21      63.3       185      3.53      0.146       0.31      0.142      0.187       27.9
   1/272   2345/2345      4.32     0.997      10.4        11      26.7       197     0.668      0.178      0.383      0.196      0.235       23.9
   2/272   2345/2345       4.1     0.898      9.87      8.65      23.5        99      0.65      0.194      0.421      0.234      0.256       22.5
   3/272   2345/2345      3.95     0.843      9.39      7.44      21.6       183     0.643      0.214      0.451      0.263      0.282       21.4
   4/272   2345/2345      3.84       0.8      9.19      6.58      20.4       137     0.645       0.21      0.464      0.276      0.283       20.8
   5/272   2345/2345      3.74     0.768      8.96      5.93      19.4       107     0.661      0.207      0.475      0.289      0.283       20.6
   6/272   2345/2345      3.67     0.742      8.75       5.5      18.7       231     0.671      0.222      0.488      0.299      0.298       20.4
   7/272   2345/2345       3.6      0.72      8.58      5.06        18       171     0.656      0.235       0.49       0.31      0.311         20
   8/272   2345/2345      3.55     0.701      8.42      4.76      17.4       176     0.651      0.229       0.49      0.311      0.306         20
   9/272   2345/2345       3.5     0.686      8.27      4.46      16.9       238     0.655      0.241      0.494      0.311      0.315         20
  10/272   2345/2345      3.44     0.667      8.08      4.23      16.4       184     0.653      0.233      0.506      0.318      0.314       19.6
  11/272   2345/2345      3.39     0.657      7.98         4        16       130     0.657      0.235      0.503      0.314      0.313       19.7
  12/272   2345/2345      3.35     0.647      7.86      3.82      15.7       144     0.653       0.24      0.496      0.322      0.316       19.8
  13/272   2345/2345      3.31     0.632      7.75      3.65      15.3       170     0.656      0.247      0.505      0.331      0.325       19.4
  14/272   2345/2345      3.27     0.625      7.66      3.53      15.1       218     0.657      0.265      0.506      0.334       0.34       19.5
  15/272   2345/2345      3.23     0.613      7.57      3.37      14.8       156     0.654      0.243      0.518      0.342      0.324       19.5
  16/272   2345/2345       3.2     0.603      7.48      3.25      14.5       149     0.703      0.249      0.511      0.337       0.33       19.4
  17/272   2345/2345      3.17     0.594      7.37      3.14      14.3       121      0.66      0.262      0.513      0.346      0.342       19.3
  18/272   2345/2345      3.14     0.587      7.28      3.05      14.1       140     0.658      0.266      0.513      0.345      0.344       19.3
  19/272   2345/2345      3.11     0.581      7.19      2.93      13.8       209     0.647      0.275      0.507      0.352      0.353         19
  20/272   2345/2345      3.08     0.572      7.12      2.86      13.6       176     0.659      0.265      0.516      0.351      0.344       19.1
  21/272   2345/2345      3.06     0.565      7.04      2.78      13.4       156     0.728      0.271      0.522      0.355      0.349       19.3
  22/272   2345/2345      3.03      0.56      6.99      2.72      13.3       104     0.644       0.26       0.52      0.353      0.341       19.3
  23/272   2345/2345         3     0.554      6.89      2.68      13.1       122     0.657      0.267      0.521       0.35      0.346       19.3
