   0/272   2345/2345      5.01      1.51      35.7      20.8      63.1       185      3.14      0.156      0.302      0.138      0.193       27.7
   1/272   2345/2345      4.31     0.996      10.3      10.8      26.4       191     0.559      0.171      0.376      0.195      0.224       24.3
   0/272   2345/2345      5.01      1.51      35.7      20.8      63.1       185      3.17       0.16      0.296      0.134      0.194       27.8
   1/272   2345/2345      4.31     0.994      10.3      10.8      26.4       157     0.553      0.175      0.377      0.192      0.231         24
   2/272   2345/2345      4.09     0.899       9.8      8.55      23.3       149     0.658      0.186      0.425      0.236       0.25       22.6
   3/272   2345/2345      3.94     0.837      9.45      7.31      21.5       171     0.558      0.199      0.455      0.264      0.269       21.4
   4/272   2345/2345      3.82     0.795      9.14      6.47      20.2       130     0.558      0.213      0.454      0.268      0.285       20.9
   5/272   2345/2345      3.74     0.763      8.92      5.85      19.3       173     0.549       0.22      0.476      0.289      0.293       20.5
   6/272   2345/2345      3.66     0.738       8.7      5.41      18.5       149     0.567      0.202        0.5      0.295      0.279       20.4
   7/272   2345/2345       3.6     0.712      8.54      4.99      17.8       104     0.548      0.243      0.482       0.31      0.317       20.2
   8/272   2345/2345      3.53     0.696      8.41      4.69      17.3       187     0.557      0.229      0.492      0.311      0.308       19.7
   9/272   2345/2345      3.48     0.679      8.21      4.37      16.7       222     0.566      0.246        0.5      0.325      0.323       19.5
  10/272   2345/2345      3.42     0.665       8.1      4.16      16.4       132     0.551      0.243      0.502      0.324      0.321       19.6
  11/272   2345/2345      3.37      0.65      7.92      3.93      15.9       135      0.56      0.253      0.501      0.325      0.327       19.7
  12/272   2345/2345      3.34     0.641      7.81      3.75      15.5       171     0.554      0.245      0.511      0.333      0.324       19.5
  13/272   2345/2345       3.3     0.628      7.72       3.6      15.2       157     0.556      0.246      0.511      0.337      0.325       19.3
  14/272   2345/2345      3.26     0.619      7.59      3.44      14.9       205     0.557      0.248       0.51      0.333      0.328       19.4
  15/272   2345/2345      3.22     0.609      7.49       3.3      14.6       209     0.547      0.276      0.507      0.345      0.352       19.2
  16/272   2345/2345      3.19     0.598      7.41       3.2      14.4       201     0.578      0.264      0.504      0.339      0.342       19.3
  17/272   2345/2345      3.15     0.591       7.3      3.09      14.1       130     0.579      0.262      0.521      0.347      0.343       19.2
  18/272   2345/2345      3.13     0.584      7.21         3      13.9       165     0.539      0.276      0.516       0.35      0.352       19.4
